-62,-19
33,-75
-89,39
24,25
99,-40
-76,61
37,-20
-65,-58
1,55
83,-93
-28,33
48,78
66,17
38,-71
-23,18
-66,88
-64,-5
-77,32
-6,55
95,-37
87,-56
-17,99
-60,-18
52,57
41,82
92,-42
-82,-62
-33,92
-32,41
20,69
-96,-34
95,-3
45,63
-84,18
71,-51
-73,48
-40,-80
85,-37
34,-61
28,15
91,37
61,88
-62,66
91,94
-92,-16
-69,-13
41,17
-46,-8
-79,-70
-68,67
-53,76
-6,19
42,100
-63,-98
-52,-39
78,-98
48,-34
19,-46
21,23
-47,39
-63,60
72,-96
87,27
99,75
-81,-67
-91,-85
-19,95
72,66
-96,90
60,99
56,52
-46,51
94,93
23,-43
-98,-95
-6,-48
-37,78
-24,-20
-93,-63
25,89
30,9
14,29
-96,-45
78,19
1,96
-2,97
-88,-92
-96,16
57,50
-70,47
-90,-89
-18,83
-26,37
-7,-76
-58,-2
-36,-71
-62,69
17,23
30,91
33,-40
48,-82
97,-41
37,-79
-80,25
59,57
42,-98
-68,-69
-4,-68
15,-70
84,-23
-13,-50
40,-69
-13,38
-85,61
20,51
73,13
34,-57
-60,-83
-87,-24
90,-68
69,-75
51,-43
16,-59
46,39
15,-50
45,-58
23,14
-82,76
-12,26
-70,41
-83,52
66,-66
7,-44
-73,-73
6,51
33,31
-57,73
91,-12
-6,30
43,-2
-44,73
71,-55
-11,-77
-26,-20
21,-65
93,16
-65,22
-5,-56
95,-55
64,-95
-64,11
86,76
-13,92
-100,-82
55,-46
38,30
-99,76
-14,71
-3,93
-100,-79
41,74
57,-27
47,-22
-48,87
95,71
-15,100
99,25
-99,47
-2,-24
49,2
-38,-19
-24,14
-22,-74
38,-64
-81,34
-90,-2
63,-76
94,46
-5,37
-42,62
57,-97
-53,-99
63,-44
49,-17
19,-75
-93,49
48,77
-54,73
-18,-7
89,-76
14,-49
-67,-31
-25,-22
89,-83
-96,-7
-47,6
-76,5
14,52
-46,-44
24,-48
-26,-79
86,8
11,81
-59,-39
-28,25
8,-72
95,-47
25,36
-61,-83
-35,7
52,-52
-11,-98
86,-76
77,40
80,65
39,82
57,-64
-4,-23
-79,-51
73,89
85,-19
-94,17
-58,24
-50,33
-26,11
35,76
93,93
39,-17
10,11
48,87
-98,31
16,-63
-69,-62
80,-7
11,-88
-24,-95
-77,4
93,-21
-84,58
6,48
-29,-68
55,41
49,-85
0,-79
41,9
48,-37
70,89
5,-86
-89,-98
-8,34
91,-96
6,-97
-45,26
-98,-39
-65,30
-12,17
-96,-62
-11,-49
-94,1
76,23
-27,53
19,-14
-23,-45
-26,73
12,-25
4,27
-68,-46
32,16
-76,-15
94,46
99,15
29,-97
-4,86
18,8
28,8
7,51
92,70
-63,9
12,66
8,-95
88,-79
14,38
78,-21
44,25
33,2
45,72
53,-16
-33,-74
-50,21
-52,-52
-61,-82
41,14
-71,-23
-27,37
-82,-70
-87,-50
76,73
-67,87
45,-2
-55,-41
-34,-1
-64,5
44,2
-24,-49
-65,-9
3,51
-56,-19
-66,-49
-99,-97
-62,16
0,-48
4,-11
-21,-18
95,-75
-92,-92
-26,85
60,85
-15,-37
59,23
-72,73
-6,31
18,-44
98,-42
-13,-48
89,-56
47,35
-48,42
-74,47
76,-25
42,53
-78,-78
67,-90
-66,-29
24,10
64,91
24,47
21,-30
57,31
39,97
1,-46
36,17
-62,-77
16,-8
45,-4
97,-21
-50,-91
-97,-69
89,-1
74,-38
99,-54
2,-43
-4,62
4,35
-7,-14
-32,-63
99,-63
-33,5
70,58
15,97
34,-52
61,-83
7,92
36,-74
29,-60
26,-57
73,-76
-28,57
66,-46
-22,38
-69,90
56,-90
-83,-85
-41,11
-77,-34
-65,-69
94,62
40,-98
15,-70
80,-18
-13,-21
16,1
35,38
51,-84
-3,3
62,-1
-19,-62
47,-43
29,-46
-18,-87
-16,-93
-61,-14
-69,-65
-16,48
0,93
-45,80
-12,13
-67,32
90,-83
77,-32
72,-72
35,-86
73,83
47,93
-87,-30
41,-2
-23,86
-52,25
-2,15
-92,49
6,3
-36,94
-36,-43
-69,96
-35,-51
60,-72
76,100
-53,-16
-29,12
-64,31
-40,-94
46,-73
31,61
62,-85
31,-10
-97,2
98,19
-40,-22
-24,1
40,72
-5,55
-20,2
-76,-78
-83,9
39,-38
-39,-4
94,-35
-56,-25
92,-78
-58,18
-86,-8
-89,4
-49,56
-25,1
1,-50
-51,16
-54,96
-12,-95
50,59
-64,-33
69,-92
-67,76
-47,-15
-23,-5
-65,-87
21,-17
35,-1
-37,-71
70,-41
11,-93
-57,73
35,-9
-3,92
-6,30
5,2
57,44
67,-25
37,80
92,52
30,49
-46,16
97,-46
-94,28
-51,63
-28,-81
37,-57
9,74
-80,46
-60,-5
94,77
58,90
7,10
72,28
25,94
-21,90
85,-22
-50,-47
-63,-17
-49,-63
27,70
-1,81
-14,47
-68,-96
-88,19
2,97
-67,23
-3,-84
-19,36
-82,77
22,-90
13,70
-28,20
-54,-1
92,-10
-79,48
22,13
99,-82
-37,55
-35,-49
-20,-43
16,52
-63,-39
-69,-94
39,78
79,71
-84,1
-98,10
-5,21
0,-38
59,13
85,99
37,-44
52,58
52,88
80,61
-34,88
32,36
98,59
81,-70
-90,99
35,-85
-32,-57
78,-38
-75,1
-39,14
-80,-35
22,86
34,-48
50,73
87,-32
-27,-98
-27,37
-74,-17
-19,-11
-9,-96
3,44
92,41
6,6
96,40
14,-15
-75,42
-88,68
39,52
49,41
-91,74
82,10
41,8
-21,22
-8,-31
-98,-91
-67,-8
-18,50
-31,46
21,-55
15,-17
-37,-11
-14,95
57,30
-41,79
-10,70
57,-80
23,24
16,-55
30,63
-62,4
-25,77
83,0
-12,63
11,41
-15,16
23,-20
-39,26
65,-32
-66,56
-79,90
18,65
-58,6
53,-96
-51,-74
46,-46
96,57
60,42
-64,-28
22,12
-27,-85
26,-33
29,65
51,96
99,-10
93,38
-8,54
-12,55
36,78
94,56
0,0
-2,-88
17,28
-13,50
-75,-1
-38,17
38,73
45,48
58,-80
-52,-6
52,39
58,-34
-57,-13
2,61
28,24
28,-45
55,77
-50,-85
59,-28
-29,37
-23,15
-48,-7
-6,75
-79,-20
50,62
43,-84
100,-70
-87,-69
73,-56
37,-98
19,74
-82,-7
-91,91
22,-37
17,69
-27,33
-49,1
7,57
62,30
94,3
64,56
-3,44
29,36
-86,-99
1,33
-60,-19
-63,2
-12,45
95,33
-5,32
89,67
-55,-38
29,-15
6,-86
78,-18
-33,40
89,-84
-82,-41
63,62
96,-43
59,-12
32,-96
-76,-67
25,84
42,-69
-68,98
-96,44
-5,44
100,29
98,66
95,-84
-79,-96
13,90
15,33
32,56
42,62
-96,6
94,63
-54,-75
-8,-35
-86,63
-44,-66
-100,15
-5,-5
-25,36
-94,-5
-18,-23
-96,-94
67,70
-64,31
-15,15
-77,69
-89,-88
-14,52
-15,-10
29,53
-10,-55
73,96
-59,-42
3,15
-7,-25
-82,-2
31,42
26,56
-24,4
21,-92
-3,75
76,-65
-34,-11
20,47
32,66
22,-5
62,-62
-65,-52
-93,-23
32,2
1,33
84,-54
-51,-78
-23,42
2,73
62,33
-51,-71
-11,-91
81,-50
-8,34
-83,60
51,-61
41,53
86,34
90,-70
65,-40
-35,54
41,-79
64,-3
3,66
-86,-95
-72,-66
-41,-5
-61,-70
-18,-33
-42,-24
72,-1
-55,-77
-26,-72
-83,-95
16,17
60,-36
-24,-75
72,-12
-69,-37
-67,7
6,-34
-41,-34
-54,48
-33,34
-80,38
56,44
-50,72
-83,78
-1,68
-93,96
13,-27
-64,4
48,-31
-60,11
-94,83
-49,45
98,-23
-46,60
56,-1
80,-59
59,18
76,-7
29,0
-62,35
-5,7
-5,-63
42,97
-14,-51
95,-32
85,41
-21,-47
20,57
-88,-100
-7,-57
56,-93
51,78
87,-1
81,-20
6,56
-54,-95
-50,-81
-18,-49
75,6
74,-24
-34,-64
2,-75
-54,-88
61,8
98,-74
14,-61
-73,-27
24,-37
11,-73
13,-56
-12,52
61,-85
-26,39
-46,69
99,78
29,-66
30,-71
61,-87
41,42
-18,-41
27,-88
32,-34
72,-58
-82,1
-56,-25
74,25
-88,-60
-40,-42
93,26
52,-9
-69,34
40,-12
-39,52
-99,38
94,-27
39,64
-20,-60
-73,-71
-90,-92
8,97
-64,-23
-69,-44
-77,23
97,46
51,-5
86,33
-4,-72
85,-9
-38,60
30,-73
-37,77
65,-28
-28,-52
41,-70
80,-99
-47,48
-57,-4
-68,73
-9,-59
84,75
-85,98
-51,89
-53,-28
95,76
-43,-64
18,8
-61,75
72,23
-85,-85
1,81
40,98
-35,-57
40,-52
81,87
-97,91
-89,25
64,-59
-13,59
47,-89
-27,86
-24,-87
-94,98
-97,18
24,56
66,58
85,55
65,15
43,-31
34,-8
58,-80
67,-7
-65,-22
10,-32
21,25
-15,38
-6,-47
-19,85
23,11
-17,-88
62,-5
-30,45
52,-53
58,-78
-68,-5
35,-74
13,73
-94,-71
76,-75
-34,57
-62,74
67,-11
-1,-100
51,-40
-66,-56
-93,-91
97,72
-77,-11
-73,34
-79,24
-34,5
85,-3
-42,54
64,-80
33,-82
75,-53
-94,80
8,-58
-3,49
-28,-91
96,-98
32,96
2,-5
-84,32
-3,-13
-11,75
37,57
-75,89
-21,-49
7,-79
64,-66
-7,4
-60,-93
-42,24
-27,8
65,-57
27,82
-77,-96
30,-22
69,-24
33,71
25,-31
12,-90
37,-58
31,64
8,47
2,26
-98,58
-60,28
78,-100
68,80
-42,-86
-82,60
-25,-84
-9,-74
17,61
56,-53
-13,-60
-81,17
10,-74
-66,74
-21,-63
50,-60
94,-40
72,94
-56,-13
2,75
3,-72
24,27
-2,53
73,36
-82,-29
-34,76
68,-15
-38,-71
-46,58
-17,50
25,-1
-31,-69
-15,20
-32,-47
-46,26
60,75
68,-84
65,-51
21,-18
24,0
46,32
-64,97
76,17
-92,85
-99,10