61,77,81
73,27,92
33,80,80
29,63,82
99,74,87
65,94,38
28,33,85
76,97,79
38,34,38
67,21,82
43,60,47
48,26,85
72,95,78
19,60,16
14,81,88
28,14,58
50,83,99
77,86,58
21,40,70
61,80,94
73,27,61
54,23,72
82,59,77
54,23,41
38,85,96
28,52,96
46,84,73
14,81,88
28,88,29
80,41,41
88,88,44
33,80,80
43,60,47
14,11,35
98,90,74
33,80,80
40,84,27
90,73,21
46,51,54
79,40,71
52,86,51
99,69,46
19,60,16
34,66,62
38,69,26
83,80,16
10,78,94
13,15,39
23,55,14
94,44,48
62,94,72
99,74,87
72,95,78
62,53,74
83,95,15
86,11,44
47,51,80
58,27,15
73,27,92
29,63,81
66,27,87
65,52,56
90,28,56
85,80,36
82,70,54
39,13,77
19,60,16
23,55,14
10,73,12
60,64,38
19,60,16
39,41,91
66,27,87
29,63,82
98,12,57
37,61,86
19,60,16
56,90,10
78,92,68
94,97,75
52,20,70
38,69,26
80,41,41
94,10,17
12,51,61
98,82,35
43,84,36
23,55,14
99,77,55
28,88,29
19,60,16
82,70,54
62,53,74
60,18,28
94,97,75
36,79,36
31,21,62
25,44,47
47,51,80
42,46,89
30,73,46
51,25,26
80,41,41
49,88,82
76,97,79
86,11,44
94,41,80
85,80,36
86,52,98
76,97,79
88,35,99
59,95,19
31,21,62
46,86,56
12,72,36
39,41,91
54,44,36
31,21,62
73,48,73
82,70,54
14,11,35
37,79,92
81,62,64
39,41,91
66,21,24
85,88,70
63,70,24
32,40,83
52,62,17
85,52,40
95,63,58
63,70,24
23,77,77
10,52,43
92,92,64
19,96,74
92,88,91
50,45,97
72,28,26
51,25,26
42,98,21
73,48,73
33,54,27
38,69,26
10,13,53
66,27,87
46,34,62
31,21,62
74,87,32
10,13,53
76,97,79
42,59,78
22,27,81
66,27,87
60,18,28
90,28,56
10,78,94
10,13,53
85,80,36
55,20,40
27,13,79
57,29,47
38,88,70
73,25,50
37,61,86
47,58,59
27,13,79
98,12,57
11,83,35
17,65,32
67,21,82
72,28,26
28,88,29
67,38,40
37,33,44
55,20,40
16,90,34
42,46,89
88,35,99
71,54,30
99,74,87
81,62,64
53,35,18
59,95,19
13,99,95
71,61,27
65,52,56
94,42,34
79,40,71
57,35,79
66,28,81
27,95,13
62,53,74
52,20,70
61,92,12
73,48,73
49,68,19
23,77,77
59,95,19
78,31,37
45,11,75
12,72,36
49,88,82
67,13,68
78,79,86
60,14,34
33,54,27
30,73,46
80,97,10
10,52,43
68,35,26
85,52,40
74,46,68
72,95,78
90,28,56
82,75,23
16,89,56
94,10,17
84,26,83
62,53,74
43,84,36
27,69,93
85,75,41
42,59,78
76,97,79
11,83,35
69,11,83
40,57,99
73,27,92
46,51,54
14,81,88
46,84,73
74,49,96
61,80,94
38,69,26
79,89,77
65,52,56
87,80,18
81,93,14
37,33,44
44,41,93
37,79,92
79,89,77
91,91,37
40,57,99
18,26,14
80,97,10
14,81,88
73,42,28
24,12,79
87,66,71
98,90,74
55,70,44
82,59,77
88,88,44
94,80,46
41,33,47
22,27,81
50,45,97
62,53,74
38,88,70
78,33,23
42,98,21
82,83,83
33,80,80
46,86,56
85,80,36
28,88,29
37,33,44
14,81,88
81,76,60
85,80,36
31,21,62
35,70,34
10,52,43
22,87,92
56,90,10
85,75,41
13,15,39
59,54,55
89,23,11
13,39,63
82,70,54
11,83,35
24,12,79
60,18,28
19,96,74
57,29,47
11,83,35
37,33,44
46,37,20
61,15,67
72,49,49
10,52,43
23,55,14
56,12,16
55,70,44
10,52,43
97,48,91
23,77,77
54,23,41
55,20,40
77,75,45
85,75,41
71,60,96
24,12,79
94,10,17
39,67,10
24,12,79
67,38,40
86,11,44
27,13,79
86,11,44
94,80,46
29,65,60
27,13,79
55,70,44
22,87,92
38,69,26
69,11,83
81,93,14
56,12,16
61,80,94
18,26,14
72,28,26
54,23,41
21,47,55
55,87,33
61,80,94
94,97,75
25,44,47
22,56,76
21,40,70
98,90,74
35,96,70
80,44,76
47,51,80
85,75,41
28,88,29
33,54,27
61,77,81
10,52,43
85,50,70
75,71,38
46,34,62
24,12,79
35,96,70
40,84,27
73,48,73
46,51,54
27,43,71
80,97,10
38,69,26
27,43,71
94,43,99
37,61,86
76,82,21
59,65,97
54,23,41
91,57,77
23,77,77
17,42,85
74,87,32
21,47,55
55,50,74
46,34,62
37,33,44
59,88,50
63,16,43
81,93,14
81,93,14
49,68,19
33,54,27
67,13,68
80,97,10
74,46,68
16,97,85
94,10,17
14,81,88
39,41,91
94,10,17
49,68,19
28,88,29
78,33,23
27,51,93
42,46,89
27,69,93
13,99,95
11,83,35
65,94,38
57,29,47
29,63,81
40,57,99
39,67,10
85,75,41
56,74,46
76,90,41
85,75,41
87,80,18
30,73,46
13,15,39
42,46,89
51,87,83
98,90,74
33,45,16
99,74,87
21,47,55
62,53,74
46,84,73
19,96,74
49,85,63
33,45,16
90,28,56
13,15,39
82,70,54
81,62,64
87,88,50
30,73,46
90,73,21
23,77,77
90,28,56
47,51,80
60,64,38
83,66,16
24,91,84
38,41,19
73,42,28
40,74,82
74,46,68
51,12,82
38,41,19
46,51,54
46,84,73
10,78,94
29,65,60
94,41,80
10,78,94
33,54,27
56,90,10
74,46,68
24,91,84
51,14,61
39,67,10
36,41,22
61,80,94
37,43,80
48,26,85
83,66,16
48,47,40
42,36,87
37,61,86
59,88,50
17,65,32
21,27,35
37,43,80
86,92,22
37,43,80
58,54,43
22,56,76
46,84,73
47,51,80
28,33,85
74,46,68
61,77,81
63,16,43
17,65,32
33,54,27
16,89,56
83,95,15
19,96,74
49,85,63
11,83,35
52,57,77
33,54,27
17,42,85
74,46,68
82,59,77
55,87,33
68,59,67
83,66,16
86,11,44
27,13,79
14,11,35
27,13,79
30,73,46
60,18,28
33,80,80
37,43,80
90,28,56
87,66,71
91,91,37
76,90,41
63,16,43
94,10,17
53,35,18
25,44,47
91,91,37
79,89,77
66,21,24
46,86,56
27,95,13
17,42,85
55,87,50
81,93,14
37,43,80
72,43,66
10,73,12
66,90,85
32,63,73
27,43,71
48,79,14
45,11,75
27,43,71
83,66,16
28,14,58
89,52,42
34,69,87
88,42,54
42,36,87
19,60,16
85,75,41
42,46,89
38,69,26
11,83,35
50,45,97
74,87,32
73,27,61
66,27,87
39,41,91
74,87,32
91,98,66
38,85,96
66,21,24
55,20,40
42,46,89
12,72,36
75,71,38
37,33,44
56,10,92
47,51,80
52,62,17
98,82,35
27,95,13
10,52,43
30,73,46
76,90,41
39,41,91
98,82,35
52,20,70
94,42,34
88,42,54
17,42,85
21,27,35
82,59,77
17,42,85
88,35,99
46,84,73
46,84,73
68,59,67
40,74,82
32,63,73
37,79,92
19,96,74
72,28,26
24,12,79
63,16,43
64,23,95
10,52,43
85,75,41
47,51,80
55,87,50
28,88,29
46,37,20
94,42,34
94,10,17
69,76,42
94,80,46
81,81,75
68,35,26
10,13,53
53,35,18
23,55,14
72,49,49
58,27,15
19,60,16
90,73,21
12,19,20
58,54,43
57,48,79
24,12,79
14,81,88
23,55,14
65,52,56
70,48,68
44,48,69
55,50,74
42,36,87
89,93,23
61,77,81
33,45,16
86,52,98
86,52,98
78,31,37
61,80,94
54,23,41
57,29,47
42,98,21
22,87,92
48,26,85
82,75,23
83,66,16
37,43,80
61,15,67
76,82,21
14,81,88
23,77,77
51,14,61
13,15,39
51,25,26
48,20,96
19,60,16
41,33,47
31,21,62
12,19,20
29,63,82
57,29,47
69,11,83
10,13,53
72,95,78
46,86,56
47,51,80
62,53,74
38,41,19
41,33,47
27,13,79
48,26,85
87,66,71
48,47,40
51,25,26
59,95,19
25,44,47
86,52,98
29,65,60
72,32,48
30,73,46
76,82,21
55,87,33
39,41,91
45,62,62
61,77,81
12,51,61
61,15,67
99,77,55
22,87,92
55,87,33
85,75,41
82,31,73
76,83,75
37,79,92
78,79,86
38,41,19
88,88,44
89,52,42
28,14,58
85,50,70
66,21,24
24,12,79
93,78,81
81,41,56
65,78,59
27,69,93
72,49,49
66,27,87
98,90,74
42,36,87
91,57,77
19,60,16
47,51,80
75,71,38
45,62,62
88,35,99
11,83,35
57,35,79
37,61,86
65,78,59
11,83,35
21,47,55
66,27,87
61,56,52
39,41,91
10,78,94
84,26,83
80,97,10
88,35,99
10,52,43
87,66,71
21,27,35
23,77,77
73,27,61
37,61,86
85,80,36
40,74,82
94,42,34
29,75,94
14,81,88
62,53,74
19,60,16
61,80,94
10,78,94
81,81,75
43,60,47
14,81,88
99,77,55
54,64,49
72,28,26
98,90,74
78,31,37
37,33,44
46,34,62
36,41,22
16,89,56
74,46,68
23,77,77
29,63,81
37,61,86
99,74,87
51,12,82
37,61,86
13,99,95
94,10,17
55,50,74
76,90,41
81,76,60
46,34,62
29,63,81
10,78,94
72,32,48
68,59,67
50,83,99
23,77,77
10,52,43
47,51,80
59,95,19
47,51,80
61,77,81
34,66,62
46,84,73
55,70,44
38,41,19
16,90,34
37,61,86
85,52,40
29,63,81
51,87,83
80,97,10
14,81,88
94,43,99
46,34,62
70,48,68
22,27,81
14,81,88
66,28,81
73,25,50
37,61,86
25,44,47
79,89,77
17,42,85
40,74,82
87,88,50
52,57,77
38,34,38
39,41,91
37,61,86
59,65,97
25,44,47
39,67,10
13,99,95
42,98,21
25,88,81
66,27,87
72,28,26
83,80,16
79,40,71
21,40,70
99,89,17
81,41,56
50,83,99
28,88,29
12,72,36
28,88,29
57,35,79
22,87,92
27,69,93
79,40,71
42,98,21
94,10,17
76,90,41
67,21,82
45,11,75
25,44,47
76,82,21
36,79,36
80,97,10
87,80,18
29,65,60
52,20,70
13,99,95
49,85,63
73,62,26
60,18,28
19,60,16
77,86,58
37,33,44
48,52,31
28,88,29
37,79,92
85,88,70
28,88,29
14,45,95
82,59,77
21,40,70
56,90,10
54,23,72
63,16,43
85,75,41
56,74,46
69,11,83
14,81,88
11,83,35
19,60,16
94,43,99
76,97,79
80,44,76
39,41,91
67,38,40
34,69,87
42,46,89
19,96,74
40,57,99
39,41,91
28,33,85
38,69,26
72,32,48
33,80,80
42,36,87
37,33,44
46,51,54
46,86,56
13,15,39
42,36,87
59,65,97
72,49,49
85,50,70
10,52,43
28,33,85
57,35,79
35,58,31
63,70,24
74,46,68
28,14,58
94,42,34
49,85,63
55,50,74
85,75,41
62,94,72
81,62,64
57,48,79
83,66,16
14,11,35
38,41,19
10,78,94
83,66,16
89,52,42
37,61,86
27,13,79
60,64,38
39,41,91
91,98,66
81,41,56
48,65,86
28,52,96
61,80,94
33,54,27
25,88,81
47,51,80
45,11,75
48,47,40
14,81,88
91,98,66
59,88,50
11,83,35
29,63,81
38,85,96
73,48,73
46,84,73
80,65,56
82,70,54
57,29,47
19,82,44
90,73,21
85,88,70
78,31,37
42,59,78
36,63,28
55,87,50
75,71,38
81,62,64
90,28,56
92,92,64
46,51,54
52,20,70
85,80,36
81,93,14
85,52,40
72,95,78
14,11,35
74,49,96
81,81,75
87,66,71
10,52,43
32,40,83
31,21,62
68,59,67
82,70,54
81,41,56
57,29,47
66,17,91
65,52,56
11,83,35
22,27,81
72,65,32
66,28,81
46,84,73
81,76,60
35,96,70
19,60,16
86,92,22
23,77,77
77,16,47
48,26,85
53,35,18
42,36,87
63,16,43
75,82,92
85,75,41
39,67,10
73,42,28
27,43,71
94,10,17
91,98,66
98,82,35
71,61,27
40,57,99
57,48,79
33,54,27
94,43,99
73,27,61
80,44,76
94,80,46
17,42,85
81,81,75
85,52,40
78,79,86
47,51,80
86,11,44
60,14,34
81,93,14
82,59,77
86,52,98
92,88,91
67,13,68
57,48,79
23,55,14
82,75,23
98,12,57
60,18,28
35,70,34
69,11,83
17,42,85
85,50,70
63,70,24
45,11,75
51,87,83
56,74,46
52,86,51
38,69,26
38,85,96
19,96,74
38,88,70
94,80,46
10,78,94
10,52,43
52,20,70
98,34,87
65,78,59
29,63,81
19,60,16
68,52,49
76,97,79
42,59,78
72,28,26
72,65,32
25,88,81
68,59,67
21,47,55
72,95,78
76,83,75
17,42,85
19,60,16
37,33,44
31,21,62
35,96,70
78,92,68
86,92,22
79,89,77
55,87,33
46,84,73
31,21,62
21,40,70
78,50,80
37,61,86
56,12,16
71,60,96
46,34,62
46,37,20
50,83,99
60,64,38
80,76,41
79,89,77
40,74,82
82,59,77
60,18,28
82,83,83
60,18,28
52,57,77
85,80,36
87,88,50
45,62,62
69,11,83
21,27,35
85,88,70
12,51,61
42,36,87
36,79,36
28,88,29
28,14,58
82,83,83
85,80,36
86,11,44
73,42,28
66,27,87
91,91,37
11,83,35
24,12,79
38,85,96
72,28,26
55,50,74
10,73,12
94,43,99
10,13,53
72,32,48
46,34,62
14,11,35
81,93,14
10,78,94
91,57,77
11,83,35
99,77,55
37,61,86
87,80,18
37,43,80
47,51,80
86,52,98
37,33,44
90,28,56
98,82,35
48,26,85
76,82,21
82,83,83
10,78,94
27,95,13
25,44,47
94,10,17
35,96,70
99,89,17
58,27,15
23,55,14
46,34,62
49,68,19
91,57,77
22,87,92
72,28,26
11,56,79
70,72,13
12,72,36
69,11,83
19,60,16
78,31,37
24,12,79
43,84,36
89,23,11
42,46,89
17,42,85
73,27,92
46,84,73
13,15,39
46,84,73
59,65,97
83,37,14
47,51,80
66,21,24
31,21,62
59,65,97
73,25,50
38,69,26
54,23,72
38,88,70
74,87,32
46,84,73
19,98,18
86,52,98
21,40,70
73,42,28
81,41,56
60,18,28
72,28,26
85,75,41
54,44,36
63,16,43
71,60,96
73,62,26
56,90,10
86,66,69
25,88,81
87,66,71
73,48,73
94,10,17
31,21,62
29,63,81
86,11,44
47,51,80
56,10,92
83,80,16
81,41,56
33,54,27
29,75,94
78,92,68
28,52,96
66,27,87
75,71,38
28,14,58
63,16,43
47,51,80
29,63,81
94,10,17
65,94,38
59,65,97
85,50,70
37,61,86
24,91,84
36,41,22
40,74,82
83,95,15
92,88,91
68,59,67
62,53,74
28,88,29
86,11,44
42,23,60
90,28,56
82,31,73
90,28,56
31,21,62
82,59,77
40,57,99
98,12,57
33,54,27
33,80,80
63,16,43
60,14,34
38,69,26
52,57,77
46,51,54
48,65,86
17,42,85
45,66,13
99,69,46
95,63,58
55,87,33
51,87,83
45,11,75
51,87,83
73,62,26
27,69,93
64,16,94
85,75,41
10,52,43
48,52,31
32,40,83
95,63,58
59,95,19
73,27,61
48,26,85
83,10,99
35,96,70
73,42,28
81,41,56
46,86,56
80,44,76
40,84,27
15,50,23
19,60,16
83,80,16
64,23,95
65,78,59
78,31,37
40,74,82
24,12,79
11,83,35
73,27,61
28,40,65
47,51,80
10,78,94
94,43,99
23,55,14
99,69,46
17,42,85
85,75,41
99,89,17
46,51,54
45,66,13
99,77,55
94,42,34
12,51,61
99,89,17
86,66,69
72,43,66
76,90,41
39,41,91
83,80,16
12,72,36
29,63,81
71,60,96
46,84,73
51,25,26
22,27,81
49,68,19
65,94,38
37,43,80
14,11,35
38,69,26
21,40,70
68,59,67
66,90,85
78,33,32
77,16,47
81,41,56
74,87,32
62,53,74
94,43,99
46,34,62
85,75,41
35,96,70
94,10,17
41,33,47
42,98,21
56,12,16
63,70,24
28,88,29
73,27,61
33,45,16
61,80,94
88,88,44
27,60,31
13,15,39
45,11,75
53,35,18
51,25,26
62,94,72
38,69,26
63,70,24
46,37,20
48,26,85
66,28,81
76,90,41
23,77,77
51,14,61
37,33,44
83,95,15
67,21,82
81,62,64
73,62,26
36,41,22
82,83,83
80,65,56
40,74,82
66,27,87
42,36,87
24,12,79
84,26,83
27,51,93
68,59,67
94,41,80
46,34,62
48,44,99
93,78,19
10,52,43
78,31,37
10,52,43
55,50,74
54,44,36
42,36,87
38,85,96
38,41,19
30,73,46
59,54,55
23,55,14
98,90,74
38,69,26
92,92,64
23,55,14
74,46,68
78,79,86
21,47,55
38,85,96
66,90,85
28,33,85
70,42,44
61,92,12
73,27,61
47,51,80
24,12,79
85,88,70
61,92,12
83,80,16
27,43,71
48,52,31
61,80,94
19,60,16
50,45,97
72,32,48
17,42,85
21,27,35
27,60,31
33,54,27
44,41,93
35,70,34
34,66,62
23,55,14
49,85,63
33,54,27
42,36,87
94,42,34
10,52,43
86,11,44
61,80,94
33,45,16
38,85,96
80,41,41
12,72,36
89,52,42
48,52,31
24,12,79
38,69,26
73,48,73
38,69,26
10,52,43
80,44,76
97,79,55
57,35,79
64,23,95
21,40,70
66,27,87
48,52,31
21,27,35
75,82,92
63,16,43
75,82,92
30,73,46
72,28,26
13,99,95
31,21,62
42,36,87
36,41,22
85,80,36
65,78,59
46,34,62
73,25,50
55,87,33
25,88,81
10,52,43
15,50,23
16,89,56
94,42,34
46,37,20
18,26,14
19,82,44
76,90,41
85,75,41
31,21,62
31,21,62
46,84,73
38,69,26
73,27,61
51,14,61
47,51,80
22,27,81
70,72,13
94,10,17
82,75,23
25,44,47
74,46,68
75,71,38
94,41,80
80,65,56
85,75,41
24,91,84
72,49,49
91,98,66
92,88,91
39,67,10
46,37,20
75,82,92
95,63,58
72,43,66
63,16,43
45,62,62
63,70,24
27,13,79
42,36,87
98,90,74
60,18,28
36,41,22
53,96,40
83,37,14
86,11,44
72,32,48
19,60,16
77,16,47
55,70,44
11,83,35
72,28,26
21,40,70
63,16,43
92,88,91
88,42,54
32,40,83
99,89,17
51,12,82
35,70,34
43,60,47
81,62,64
68,59,67
27,43,71
86,11,44
81,41,56
29,65,60
73,27,61
17,42,85
19,96,74
45,62,62
82,59,77
19,96,74
10,13,53
25,88,81
39,41,91
58,27,15
81,76,60
21,27,35
77,86,58
75,71,38
28,88,29
66,28,81
99,74,87
81,93,14
66,27,87
49,88,82
62,53,74
74,46,68
24,12,79
60,18,28
58,27,15
37,79,92
51,87,83
29,65,60
42,46,89
59,54,55
73,25,50
73,27,61
17,42,85
57,29,47
63,16,43
57,35,79
55,70,44
29,63,81
59,65,97
76,90,41
48,20,96
94,42,34
91,57,77
73,42,28
56,10,92
72,32,48
22,56,76
39,41,91
80,65,56
54,23,72
84,26,83
47,51,80
44,41,93
50,83,99
85,88,70
83,80,16
60,18,28
45,11,75
46,86,56
83,95,15
48,20,96
22,27,81
57,48,79
46,34,62
38,69,26
51,25,26
92,92,64
12,51,61
12,51,61
65,94,38
86,52,98
69,11,83
70,48,68
89,52,42
84,26,83
63,70,24
10,78,94
47,51,80
11,83,35
47,58,59
42,59,78
97,79,55
81,81,75
82,47,80
38,88,70
62,94,72
76,82,21
82,59,77
27,13,79
27,13,79
18,26,14
38,69,26
83,10,99
23,55,14
56,10,92
98,34,87
81,62,64
46,34,62
85,75,41
94,41,80
37,79,92
83,66,16
85,80,36
85,50,70
29,75,94
63,70,24
50,83,99
55,87,33
46,86,56
71,60,96
73,27,61
67,38,40
14,81,88
97,64,99
38,41,19
32,40,83
31,21,62
51,87,83
53,96,40
52,62,17
78,33,23
67,13,68
47,51,80
29,63,81
46,86,56
85,52,40
52,62,17
27,95,13
45,62,62
25,88,81
18,26,14
48,26,85
71,54,30
10,78,94
47,51,80
33,73,44
19,60,16
46,86,56
27,69,93
36,79,36
11,56,79
31,21,62
72,49,49
90,28,56
66,27,87
46,84,73
94,80,46
61,15,67
37,61,86
88,88,44
79,89,77
44,41,93
50,45,97
74,49,96
21,40,70
66,27,87
16,89,56
47,51,80
37,61,86
28,40,65
28,33,85
73,48,73
90,73,21
16,89,56
66,28,81
81,41,56
74,49,96
77,16,47
47,51,80
10,52,43
91,57,77
72,95,78
95,63,58
40,74,82
16,89,56
91,98,66
51,57,97
17,42,85
61,77,81
42,46,89
16,97,85
79,40,71
83,66,16
23,77,77
55,87,50
42,36,87
22,56,76
41,33,47
16,89,56
47,51,80
37,33,44
38,69,26
80,97,10
78,50,80
31,21,62
66,21,24
81,41,56
91,91,37
13,99,95
17,42,85
79,89,77
61,92,12
73,48,73
27,60,31
46,86,56
12,51,61
86,11,44
67,21,82
52,86,51
67,21,82
29,63,81
10,73,12
55,20,40
10,73,12
47,51,80
13,99,95
33,54,27
46,37,20
30,73,46
70,72,13
30,73,46
27,95,13
82,70,54
38,34,38
47,51,80
14,81,88
72,95,78
24,91,84
94,80,46
75,82,92
55,87,33
88,35,99
39,41,91
44,41,93
21,40,70
80,44,76
36,41,22
69,76,42
42,46,89
46,86,56
93,78,19
38,69,26
42,46,89
17,65,32
87,80,18
10,52,43
28,88,29
94,10,17
75,71,38
91,91,37
64,16,94
27,13,79
18,26,14
25,88,81
32,63,73
37,61,86
19,60,16
65,78,59
59,88,50
66,27,87
99,89,17
42,46,89
63,16,43
39,41,91
19,26,65
73,62,26
37,33,44
56,12,16
51,81,57
48,65,86
37,61,86
23,77,77
71,54,30
42,46,89
48,47,40
35,96,70
95,63,58
35,96,70
63,16,43
95,63,58
88,42,54
33,54,27
34,66,62
37,79,92
82,59,77
53,35,18
29,75,94
42,46,89
94,42,34
70,48,68
57,48,79
40,74,82
52,62,17
48,44,99
86,11,44
57,48,79
36,79,36
81,81,75
12,72,36
51,99,11
11,83,35
28,88,29
46,84,73
13,99,95
50,83,99
85,50,70
61,56,52
11,83,35
35,70,34
66,21,24
80,32,61
22,27,81
46,86,56
99,89,17
29,63,81
60,18,28
94,42,34
10,73,12
10,78,94
78,31,37
78,92,68
98,12,57
23,55,14
86,11,44
40,74,82
51,14,61
21,40,70
39,41,91
46,84,73
19,60,16
40,74,82
94,10,17
58,54,43
73,48,73
99,74,87
48,47,40
87,80,18
56,12,16
54,44,36
67,38,40
39,67,10
94,10,17
95,63,58
31,21,62
61,92,12
78,79,86
74,46,68
11,83,35
46,34,62
69,76,42
50,45,97
27,13,79
73,62,26
70,48,68
27,95,13
90,28,56
33,80,80
47,51,80
37,61,86
80,41,41
52,86,51
38,85,96
89,52,42
29,65,60
85,75,41
54,23,72
25,88,81
85,50,70
98,12,57
10,78,94
80,97,10
23,55,14
73,48,73
54,64,49
57,48,79
48,26,85
94,44,48
38,88,70
38,41,19
94,41,80
38,34,38
93,78,19
48,52,31
12,72,36
90,73,21
67,13,68
33,45,16
63,16,43
76,82,21
10,52,43
38,88,70
95,63,58
36,41,22
99,89,17
85,75,41
57,48,79
85,75,41
70,48,68
99,74,87
42,98,21
73,48,73
70,26,25
75,82,92
53,96,40
94,43,99
98,34,87
27,95,13
94,42,34
90,28,56
21,40,70
83,66,16
23,83,89
22,87,92
97,98,83
59,65,97
40,74,82
75,82,92
30,73,46
30,73,46
36,79,36
56,90,10
47,51,80
19,60,16
99,77,55
47,51,80
38,85,96
82,75,23
78,33,23
76,82,21
16,99,64
72,43,66
25,88,81
10,63,82
70,48,68
42,36,87
52,57,77
33,54,27
59,54,55
22,87,92
46,37,20
33,73,44
74,46,68
46,86,56
40,74,82
67,13,68
40,74,82
85,52,40
66,90,85
54,64,49
54,64,49
80,44,76
97,79,55
11,83,35
42,36,87
55,87,33
47,51,80
81,93,14
88,42,54
75,82,92
91,91,37
35,96,70
14,45,95
12,51,61
49,88,82
47,51,80
13,15,39
63,70,24
50,45,97
38,88,70
39,41,91
80,41,41
78,79,86
33,54,27
55,70,44
94,42,34
85,80,36
67,21,82
61,80,94
53,96,40
65,94,38
85,75,41
28,88,29
19,26,65
35,96,70
37,33,44
86,66,69
78,92,68
98,82,35
74,87,32
81,41,56
12,72,36
82,59,77
57,48,79
48,65,86
82,47,80
28,88,29
11,83,35
21,27,35
61,56,52
79,89,77
72,28,26
86,11,44
17,42,85
11,83,35
69,76,42
78,92,68
99,77,55
33,73,44
92,88,91
42,46,89
27,69,93
61,80,94
74,46,68
63,70,24
81,41,56
51,25,26
67,13,68
23,77,77
14,81,88
57,35,79
21,27,35
89,52,42
91,98,66
65,94,38
82,70,54
94,80,46
70,26,25
99,89,17
10,73,12
38,69,26
27,95,13
55,87,50
37,61,86
80,65,56
10,13,53
63,70,24
55,50,74
14,81,88
37,79,92
97,79,55
86,92,22
90,28,56
95,15,57
54,64,49
27,69,93
81,93,14
33,45,16
38,69,26
13,15,39
85,80,36
16,90,34
37,33,44
93,78,19
88,35,99
76,82,21
19,60,16
51,14,61
19,60,16
42,23,60
27,69,93
54,44,36
11,83,35
60,18,28
85,88,70
61,80,94
61,80,94
19,60,16
85,75,41
45,62,62
54,23,41
66,17,91
10,73,12
21,40,70
81,76,60
88,88,44
43,84,36
47,58,59
27,13,79
81,62,64
72,65,32
63,70,24
33,54,27
80,65,56
19,60,16
18,26,14
81,93,14
63,16,43
84,26,83
80,65,56
55,87,33
40,57,99
28,14,58
10,52,43
42,36,87
59,54,55
16,99,64
58,54,43
85,75,41
28,14,58
94,42,34
94,42,34
83,35,24
69,11,83
86,92,22
94,41,80
25,60,30
63,70,24
57,48,79
46,34,62
94,42,34
28,88,29
82,47,80
49,68,19
79,40,71
23,77,77
56,90,10
41,33,47
90,28,56
93,78,19
82,59,77
88,42,54
78,31,37
88,35,99
77,86,58
60,14,34
29,63,81
92,92,64
27,13,79
24,12,79
14,45,95
33,54,27
47,51,80
94,42,34
46,34,62
72,49,49
70,72,13
23,77,77
61,92,12
30,73,46
63,16,43
29,63,81
99,77,55
48,26,85
78,33,23
85,75,41
18,50,71
94,10,17
88,35,99
22,27,81
94,41,80
57,48,79
25,60,30
99,74,87
42,36,87
11,83,35
16,97,85
99,77,55
37,33,44
31,21,62
30,73,46
24,12,79
24,12,79
55,87,33
27,43,71
17,42,85
61,80,94
25,88,81
70,48,68
47,51,80
85,80,36
17,42,85
78,79,86
77,31,61
69,76,42
65,94,38
72,28,26
44,48,69
85,75,41
38,85,96
10,63,82
46,84,73
98,82,35
89,23,11
53,35,18
24,12,79
29,63,82
82,59,77
66,21,24
61,80,94
23,77,77
11,83,35
90,73,21
70,72,13
71,54,30
23,55,14
81,62,64
39,41,91
19,26,65
74,87,32
46,84,73
82,47,80
47,51,80
37,33,44
16,97,85
92,88,91
37,43,80
71,54,30
29,75,94
83,95,15
98,90,74
68,59,67
65,94,38
46,34,62
61,92,12
52,20,70
64,23,95
85,52,40
80,97,10
68,52,49
51,87,83
51,57,97
48,52,31
44,48,69
73,62,26
28,88,29
82,31,73
17,42,85
30,72,46
39,13,77
78,31,37
73,27,61
61,15,67
45,66,13
23,55,14
56,12,16
10,78,94
10,13,53
76,83,75
46,51,54
64,23,95
66,21,24
22,56,76
45,62,62
97,79,55
97,79,55
56,10,92
39,41,91
83,95,15
48,20,96
16,89,56
86,11,44
48,26,85
82,75,23
70,48,68
66,90,85
62,53,74
23,77,77
98,90,74
47,51,80
72,32,48
23,55,14
85,75,41
55,87,33
56,90,10
33,45,16
80,41,41
48,47,40
35,96,70
55,87,33
41,33,47
65,78,59
27,43,71
60,18,28
10,52,43
56,90,10
22,87,92
75,71,38
40,74,82
10,52,43
10,52,43
29,63,82
86,11,44
86,11,44
36,41,22
18,26,14
95,63,58
57,29,47
70,48,68
72,65,32
80,44,76
38,69,26
28,52,96
27,13,79
39,41,91
91,98,66
79,40,71
99,77,55
94,41,80
76,97,79
85,75,41
24,12,79
56,90,10
10,73,12
46,86,56
49,68,19
80,65,56
47,51,80
81,81,75
60,18,28
40,57,99
30,73,46
19,60,16
98,12,57
93,78,19
28,88,29
28,88,29
38,88,70
38,41,19
49,68,19
35,96,70
47,51,80
83,95,15
54,23,41
61,80,94
48,65,86
98,34,87
75,71,38
78,79,86
67,13,68
25,88,81
94,10,17
46,51,54
86,11,44
34,69,87
70,72,13
14,45,95
40,57,99
27,69,93
85,80,36
23,55,14
44,48,69
98,90,74
83,80,16
51,25,26
59,88,50
33,54,27
92,92,64
70,26,25
19,60,16
36,79,36
42,98,21
24,12,79
10,78,94
80,44,76
83,95,15
65,78,59
51,25,26
41,33,47
23,55,14
90,28,56
63,16,43
94,42,34
35,70,34
80,65,56
98,82,35
46,84,73
69,76,42
59,88,50
36,79,36
72,32,48
83,95,15
55,87,33
76,97,79
50,45,97
92,88,91
63,16,43
25,44,47
38,85,96
86,11,44
61,92,12
63,70,24
89,52,42
60,18,28
33,80,80
39,41,91
55,87,50
85,50,70
77,86,58
94,41,80
29,63,82
14,11,35
88,35,99
61,77,81
65,52,56
28,88,29
50,83,99
42,98,21
10,78,94
10,78,94
19,82,44
99,74,87
85,50,70
42,23,60
11,83,35
60,18,28
49,88,82
72,49,49
32,40,83
73,27,61
46,84,73
22,27,81
46,84,73
67,13,68
39,41,91
91,57,77
63,70,24
10,52,43
92,88,91
98,90,74
85,75,41
80,41,41
56,10,92
33,54,27
30,73,46
66,27,87
30,73,46
81,41,56
40,57,99
89,52,42
45,62,62
38,88,70
66,27,87
35,96,70
33,80,80
28,14,58
56,12,16