21,95
4,55
50,28
44,74
97,67
95,59
93,73
13,8
58,76
60,13
94,73
35,51
34,81
34,48
57,3
10,46
96,51
60,76
95,18
34,17
66,15
46,75
19,92
7,65
68,77
52,1
67,23
87,19
40,56
99,83
27,12
9,43
56,97
90,59
61,70
62,57
57,18
91,38
83,82
44,44
100,97
76,4
53,18
60,43
53,73
94,92
85,66
33,34
1,24
5,74
58,0
93,94
53,13
33,60
68,100
77,31
30,4
28,92
15,3
77,20
28,12
13,18
94,84
45,64
100,83
22,46
26,12
4,3
88,22
78,81
41,43
24,39
59,17
75,83
92,36
13,36
90,82
4,98
47,95
80,37
17,20
58,27
81,56
65,95
69,64
82,45
44,2
77,37
63,93
35,27
82,23
6,39
12,58
29,35
96,89
59,64
26,69
48,56
19,68
4,15